-145.518 194.918 -247.497 -22.952 -235.488 40.160 8.871 -99.368 -67.739 26.696 41.317 128.566 -76.077 -2.758 107.539 86.416 -120.698 -77.452 3.167 61.539 -201.247 -252.109 94.305 28.641 -165.501 13.409 6.548 27.889 17.997 -7.310
-101.926 88.062 21.202 -114.902 135.777 7.427 80.126 -102.788 91.928 -40.011 10.796 -48.699 70.923 -133.430 -47.873 -115.921 -151.455 -110.376 -19.514 -121.465 30.971 -234.073 144.756 -194.169 131.959 -88.226 -10.189 -22.482 31.724 -31.409
-11.975 106.737 -57.444 -87.807 -66.381 -30.933 164.949 87.205 -72.763 -152.298 37.968 -175.173 36.752 130.194 -163.549 -52.110 -147.291 -54.370 -134.896 14.291 -23.043 68.791 82.226 52.613 -111.187 65.629 -60.349 66.297 -53.064 51.593
118.064 -70.154 23.841 -84.972 54.194 130.301 19.519 -48.960 -186.342 105.777 -35.331 120.217 -47.053 61.044 -53.258 75.225 39.790 50.941 17.124 -78.923 45.553 52.612 22.522 -10.074 40.598 -25.695 100.554 38.387 61.379 -12.563
-44.641 -7.353 40.735 -100.511 1.517 -67.837 -69.480 16.011 -128.510 -123.629 -72.649 -111.606 104.727 -91.165 91.293 -93.968 -118.997 85.432 -151.831 -217.187 -10.265 -3.058 13.655 149.231 -100.961 76.025 -65.848 -77.160 51.536 -55.054
-217.406 24.529 21.007 120.440 -78.602 -41.871 -59.954 48.378 67.990 88.997 -127.572 128.485 61.967 36.176 -28.834 -116.873 73.032 73.107 24.854 238.346 -45.447 -53.081 148.107 -126.901 43.547 61.809 -82.724 15.696 178.551 52.725
-167.417 -54.219 -127.316 19.038 -158.149 -27.710 21.885 -91.418 167.706 107.016 113.618 11.769 38.808 28.225 -141.966 -103.621 -36.994 50.427 48.874 -16.410 38.619 -107.430 11.016 191.265 -80.457 -30.793 142.793 -33.420 234.460 -191.726
-41.935 -132.335 -29.321 -83.383 -98.217 27.374 -3.375 40.284 -23.623 -116.671 -16.109 75.030 11.234 34.193 26.813 74.270 26.825 164.084 3.335 40.839 224.556 3.070 -55.976 58.957 47.349 -16.374 35.590 -54.791 95.451 50.147
-20.773 -97.547 2.223 -44.517 -78.375 49.182 10.680 149.838 28.414 -195.103 119.730 -210.997 94.591 54.878 92.276 20.411 -151.632 68.247 52.553 151.139 -92.842 21.463 4.569 111.427 47.607 -16.291 79.756 -39.396 18.028 -120.174
-110.565 69.590 41.468 71.900 -0.557 27.411 48.416 76.764 128.008 -8.411 -165.327 32.068 -30.515 -159.591 49.566 6.524 73.933 17.607 -147.361 52.719 -41.702 -150.053 129.359 19.505 -91.452 -39.074 43.938 -242.934 181.244 -177.574
39.235 21.005 111.123 45.495 -5.813 61.668 9.386 91.128 -48.993 31.812 20.665 -102.693 -67.760 43.830 -62.711 -136.836 -12.902 -75.469 89.545 -28.800 97.827 -0.366 -105.475 28.468 23.710 -105.387 -173.598 -44.453 280.163 -31.208
-4.773 47.823 -87.046 -45.771 56.367 -30.957 -235.759 18.350 -16.121 -40.886 -83.092 -56.891 7.595 -166.116 -13.214 16.250 134.120 204.166 124.196 77.551 126.849 -15.713 -2.823 -65.629 -43.725 31.287 -71.185 -154.852 137.185 -93.355
-112.788 63.015 91.303 25.669 -149.750 -30.220 -45.332 24.074 -111.722 -12.174 -43.771 -61.019 -0.046 46.131 190.611 -11.090 137.700 97.329 11.260 -23.861 95.858 78.359 -133.943 -62.754 -247.078 -59.607 -147.083 -101.831 -120.596 -29.932
20.088 -20.896 -69.154 28.245 -34.630 13.144 2.559 -53.966 15.937 21.315 25.143 -132.685 -4.805 19.640 30.609 82.808 94.656 -71.460 20.688 179.266 -6.616 140.970 79.549 6.438 -123.439 133.281 -18.957 -101.281 31.381 64.184
-81.226 70.439 27.864 230.262 -58.966 -87.669 -240.115 -1.702 -109.790 18.250 2.701 79.525 -137.377 -27.200 -104.034 167.293 -55.403 142.812 141.629 8.568 80.207 -57.418 -53.614 59.827 44.183 -27.514 78.430 -244.209 -78.231 -74.536
151.967 -43.568 76.561 -0.019 -2.306 -48.788 140.971 -23.687 -253.684 18.399 259.766 -39.392 64.378 -12.064 15.322 -16.651 -72.784 71.470 15.089 124.868 -8.867 150.364 95.875 40.457 120.470 191.341 -16.083 -57.121 33.768 -94.065
-124.029 27.716 119.269 37.680 53.488 57.127 142.486 -60.465 -90.958 39.559 28.990 -98.832 -60.782 -105.182 -67.089 -45.089 58.934 -43.926 -0.362 -21.585 30.628 5.198 8.723 32.095 -88.243 6.669 167.588 -125.801 -19.678 162.618
12.337 33.631 5.676 -1.613 -34.158 8.278 -184.663 -69.530 127.517 -136.595 -76.884 -172.162 83.318 -47.566 -110.938 53.848 -25.015 -11.325 -116.821 38.788 99.574 -110.989 -167.335 -108.299 -100.960 -26.555 -59.966 -53.113 -53.737 265.179
-115.504 128.764 10.478 -59.722 -111.041 -23.037 -116.394 -20.965 32.037 -86.011 -84.553 45.063 141.379 -13.909 -87.010 -35.205 -99.640 -8.351 -42.961 89.720 58.757 -54.682 29.697 -147.765 89.207 124.199 9.054 90.393 34.071 133.414
48.233 117.566 -3.836 -47.822 145.306 0.638 -105.560 22.650 15.279 -55.062 81.455 -226.974 -76.824 -65.748 -102.163 -175.834 -123.312 50.669 30.626 9.169 -17.812 20.604 -31.124 -245.625 3.402 35.265 27.005 -47.980 -34.222 53.963
-120.148 -44.571 16.778 -39.448 -76.671 76.541 -57.276 -5.342 47.503 -41.353 90.644 -68.747 -31.527 134.624 -68.466 62.804 64.726 -55.212 158.860 -169.930 -57.226 -42.715 -37.057 -5.456 -52.136 -26.265 47.388 -141.066 68.315 -124.658
1.616 -19.555 -47.356 121.930 -64.215 -145.223 -173.591 40.612 -14.623 -119.718 60.112 19.578 -75.260 19.490 -38.015 37.927 100.621 118.287 182.393 -96.368 -139.255 61.484 13.491 139.071 67.576 33.322 4.153 70.759 106.387 84.110
55.133 -80.499 -184.669 -66.493 26.116 -38.029 3.870 114.446 -112.388 11.964 127.460 71.319 -35.239 -50.559 -29.630 -206.590 -50.337 112.263 154.377 -87.035 -109.556 -162.191 -48.104 37.518 38.230 -193.903 79.725 -61.161 -194.634 74.288
72.064 28.488 -1.468 -18.348 46.631 152.917 40.952 -31.967 -145.441 -111.211 60.116 -77.802 -178.058 85.325 120.365 127.518 -66.987 -114.090 99.636 39.792 -37.671 61.162 -175.276 -75.843 -162.610 246.129 78.926 -187.513 -1.609 317.943
-17.658 27.482 72.637 62.897 91.765 158.051 200.490 51.885 86.561 68.978 -41.634 -1.625 71.079 30.188 -15.154 -62.988 12.426 -168.368 41.213 19.403 -103.411 90.570 -91.788 32.617 7.331 -111.284 63.831 109.214 -77.722 166.708
-107.117 -81.868 12.336 122.505 -42.691 174.665 -53.576 -6.842 -74.500 125.923 -11.986 -25.399 110.473 105.592 -97.532 11.345 -24.597 61.838 -123.941 -77.953 80.913 -32.365 151.664 90.020 -36.079 178.607 -55.942 -51.390 -108.378 -73.247
-56.021 125.874 -154.641 116.917 163.127 -74.091 -75.355 77.830 -6.191 0.020 35.657 -69.126 74.465 103.437 117.528 75.834 59.917 -113.243 140.296 -44.827 -30.437 -152.651 13.929 -55.767 -162.819 93.900 -75.208 44.616 -58.327 20.822
-78.167 -4.410 94.533 20.211 81.920 217.807 144.026 78.616 -43.747 -44.199 96.141 19.881 31.544 -82.481 -98.029 139.175 -57.015 -35.756 -125.061 -156.900 0.018 -155.712 -129.904 -100.271 64.556 32.940 -85.175 -123.793 -42.253 -100.982
18.421 157.888 -32.632 -126.763 87.443 -58.722 -13.352 -68.860 -51.910 -78.243 60.667 -16.268 107.976 95.236 -12.292 8.974 -141.338 -163.228 -96.792 -41.752 32.205 179.179 -58.466 115.259 295.213 -45.547 -40.030 -109.098 -46.330 100.521
-44.395 50.175 -75.554 25.121 21.878 -47.834 -34.817 7.102 175.735 13.162 97.228 81.422 48.030 -85.370 -69.141 110.722 45.912 63.078 -24.980 55.775 170.747 58.365 78.414 -14.498 -80.886 -158.856 -14.959 49.851 7.609 -12.598
